lambda  Flambda
3505.0  87.272
3510.0  86.902
3515.0  86.972
3520.0  86.871
3525.0  87.488
3530.0  88.427
3535.0  88.756
3540.0  88.651
3545.0  88.520
3550.0  88.260
3555.0  87.733
3560.0  86.141
3565.0  84.461
3570.0  84.149
3575.0  83.911
3580.0  83.310
3585.0  84.191
3590.0  85.697
3595.0  85.681
3600.0  84.633
3605.0  83.912
3610.0  83.717
3615.0  84.179
3620.0  85.190
3625.0  85.430
3630.0  85.652
3635.0  85.847
3640.0  85.586
3645.0  86.257
3650.0  87.393
3655.0  87.575
3660.0  87.387
3665.0  87.183
3670.0  86.320
3675.0  85.302
3680.0  85.118
3685.0  85.933
3690.0  87.046
3695.0  87.450
3700.0  87.017
3705.0  88.366
3710.0  91.884
3715.0  93.648
3720.0  96.828
3725.0  97.230
3730.0  97.001
3735.0  105.024
3740.0  103.395
3745.0  99.141
3750.0  111.799
3755.0  122.060
3760.0  112.812
3765.0  101.405
3770.0  118.256
3775.0  141.376
3780.0  147.094
3785.0  129.690
3790.0  108.439
3795.0  109.159
3800.0  137.967
3805.0  162.041
3810.0  172.616
3815.0  166.724
3820.0  144.374
3825.0  116.389
3830.0  100.281
3835.0  118.940
3840.0  151.753
3845.0  179.026
3850.0  194.291
3855.0  201.653
3860.0  202.762
3865.0  193.589
3870.0  172.723
3875.0  145.336
3880.0  112.687
3885.0  103.615
3890.0  126.835
3895.0  159.624
3900.0  182.766
3905.0  201.522
3910.0  211.702
3915.0  215.134
3920.0  207.450
3925.0  187.243
3930.0  181.777
3935.0  196.391
3940.0  201.284
3945.0  191.652
3950.0  172.985
3955.0  146.391
3960.0  111.092
3965.0  96.802
3970.0  118.483
3975.0  153.333
3980.0  181.350
3985.0  200.407
3990.0  211.722
3995.0  217.793
4000.0  221.579
4005.0  224.925
4010.0  227.650
4015.0  228.655
4020.0  227.243
4025.0  225.621
4030.0  226.305
4035.0  226.561
4040.0  224.736
4045.0  223.328
4050.0  221.320
4055.0  217.524
4060.0  212.404
4065.0  206.097
4070.0  197.727
4075.0  187.965
4080.0  174.194
4085.0  151.540
4090.0  120.958
4095.0  98.992
4100.0  106.162
4105.0  134.114
4110.0  160.822
4115.0  178.299
4120.0  188.234
4125.0  195.013
4130.0  202.246
4135.0  207.622
4140.0  209.328
4145.0  209.366
4150.0  208.743
4155.0  208.738
4160.0  207.759
4165.0  204.379
4170.0  202.144
4175.0  203.188
4180.0  205.460
4185.0  207.153
4190.0  206.822
4195.0  205.519
4200.0  206.258
4205.0  207.338
4210.0  206.346
4215.0  203.959
4220.0  201.333
4225.0  200.217
4230.0  200.265
4235.0  196.862
4240.0  195.431
4245.0  194.593
4250.0  194.960
4255.0  195.292
4260.0  194.986
4265.0  193.308
4270.0  195.186
4275.0  191.370
4280.0  188.721
4285.0  185.402
4290.0  184.681
4295.0  180.491
4300.0  177.410
4305.0  174.085
4310.0  168.698
4315.0  160.287
4320.0  143.898
4325.0  123.307
4330.0  99.210
4335.0  88.493
4340.0  98.797
4345.0  122.316
4350.0  144.380
4355.0  160.486
4360.0  169.946
4365.0  174.716
4370.0  177.238
4375.0  177.678
4380.0  177.147
4385.0  178.109
4390.0  179.145
4395.0  179.439
4400.0  179.869
4405.0  179.829
4410.0  179.070
4415.0  179.634
4420.0  180.861
4425.0  181.097
4430.0  180.510
4435.0  179.135
4440.0  177.925
4445.0  177.763
4450.0  177.393
4455.0  176.539
4460.0  175.628
4465.0  175.134
4470.0  173.968
4475.0  171.876
4480.0  172.148
4485.0  173.789
4490.0  174.922
4495.0  175.243
4500.0  175.020
4505.0  174.168
4510.0  172.050
4515.0  169.602
4520.0  168.396
4525.0  167.907
4530.0  169.004
4535.0  169.494
4540.0  166.752
4545.0  162.646
4550.0  162.194
4555.0  164.486
4560.0  166.059
4565.0  165.919
4570.0  164.874
4575.0  162.386
4580.0  160.731
4585.0  161.776
4590.0  163.114
4595.0  162.905
4600.0  163.327
4605.0  162.887
4610.0  160.404
4615.0  159.601
4620.0  159.194
4625.0  157.875
4630.0  157.894
4635.0  159.019
4640.0  158.512
4645.0  157.878
4650.0  157.369
4655.0  156.732
4660.0  154.175
4665.0  153.885
4670.0  155.064
4675.0  155.368
4680.0  155.484
4685.0  154.858
4690.0  153.478
4695.0  151.042
4700.0  150.918
4705.0  150.865
4710.0  151.033
4715.0  151.468
4720.0  150.328
4725.0  148.485
4730.0  147.877
4735.0  148.659
4740.0  148.126
4745.0  147.520
4750.0  146.698
4755.0  145.134
4760.0  144.572
4765.0  144.740
4770.0  144.741
4775.0  144.105
4780.0  143.534
4785.0  143.547
4790.0  142.875
4795.0  141.109
4800.0  140.080
4805.0  139.258
4810.0  138.184
4815.0  135.980
4820.0  132.644
4825.0  130.390
4830.0  126.571
4835.0  120.696
4840.0  111.510
4845.0  98.180
4850.0  78.601
4855.0  64.258
4860.0  73.126
4865.0  91.840
4870.0  105.160
4875.0  114.260
4880.0  119.235
4885.0  122.946
4890.0  126.566
4895.0  128.516
4900.0  129.444
4905.0  130.331
4910.0  129.298
4915.0  126.872
4920.0  128.248
4925.0  130.108
4930.0  129.575
4935.0  130.550
4940.0  131.548
4945.0  130.635
4950.0  129.140
4955.0  129.275
4960.0  129.930
4965.0  129.753
4970.0  129.429
4975.0  127.018
4980.0  126.184
4985.0  127.712
4990.0  127.348
4995.0  125.588
5000.0  124.522
5005.0  124.249
5010.0  122.244
5015.0  121.972
5020.0  124.131
5025.0  124.443
5030.0  123.450
5035.0  122.795
5040.0  123.178
5045.0  122.821
5050.0  122.559
5055.0  123.184
5060.0  122.549
5065.0  121.664
5070.0  120.992
5075.0  120.414
5080.0  120.834
5085.0  121.199
5090.0  120.358
5095.0  119.723
5100.0  120.303
5105.0  120.494
5110.0  120.313
5115.0  119.554
5120.0  118.128
5125.0  117.568
5130.0  116.834
5135.0  116.330
5140.0  116.452
5145.0  116.462
5150.0  116.496
5155.0  115.168
5160.0  111.373
5165.0  109.901
5170.0  112.915
5175.0  113.569
5180.0  111.868
5185.0  111.684
5190.0  112.008
5195.0  112.155
5200.0  111.908
5205.0  112.352
5210.0  112.761
5215.0  112.308
5220.0  110.262
5225.0  108.804
5230.0  109.238
5235.0  110.996
5240.0  111.728
5245.0  111.117
5250.0  110.368
5255.0  108.644
5260.0  106.327
5265.0  105.507
5270.0  106.147
5275.0  106.983
5280.0  108.306
5285.0  109.236
5290.0  108.758
5295.0  108.004
5300.0  107.622
5305.0  106.719
5310.0  105.385
5315.0  105.045
5320.0  104.276
5325.0  104.211
5330.0  104.508
5335.0  104.791
5340.0  105.441
5345.0  106.002
5350.0  105.853
5355.0  104.353
5360.0  102.682
5365.0  102.721
5370.0  103.612
5375.0  103.457
5380.0  103.269
5385.0  103.110
5390.0  102.230
5395.0  101.062
5400.0  100.521
5405.0  100.663
5410.0  100.992
5415.0  100.828
5420.0  100.008
5425.0  99.851
5430.0  100.446
5435.0  100.546
5440.0  100.000
5445.0  99.700
5450.0  99.544
5455.0  99.410
5460.0  99.343
5465.0  99.156
5470.0  98.303
5475.0  98.241
5480.0  98.601
5485.0  98.493
5490.0  98.221
5495.0  97.616
5500.0  97.069
5505.0  97.216
5510.0  97.611
5515.0  97.233
5520.0  95.902
5525.0  95.359
5530.0  95.842
5535.0  96.085
5540.0  96.088
5545.0  95.948
5550.0  95.693
5555.0  95.350
5560.0  94.660
5565.0  94.236
5570.0  94.660
5575.0  94.382
5580.0  93.011
5585.0  92.581
5590.0  92.699
5595.0  92.794
5600.0  93.050
5605.0  92.777
5610.0  92.172
5615.0  92.074
5620.0  92.105
5625.0  91.907
5630.0  91.531
5635.0  91.167
5640.0  91.178
5645.0  90.841
5650.0  89.866
5655.0  89.369
5660.0  89.568
5665.0  89.823
5670.0  89.656
5675.0  89.034
5680.0  88.391
5685.0  88.365
5690.0  88.461
5695.0  88.135
5700.0  87.522
5705.0  87.293
5710.0  87.427
5715.0  87.440
5720.0  87.201
5725.0  87.009
5730.0  86.717
5735.0  86.445
5740.0  86.072
5745.0  85.663
5750.0  85.470
5755.0  85.195
5760.0  85.196
5765.0  85.053
5770.0  84.511
5775.0  84.125
5780.0  83.984
5785.0  83.894
5790.0  83.823
5795.0  83.813
5800.0  83.737
5805.0  83.495
5810.0  83.488
5815.0  83.375
5820.0  83.219
5825.0  83.139
5830.0  83.066
5835.0  82.835
5840.0  82.574
5845.0  82.096
5850.0  81.550
5855.0  81.457
5860.0  81.674
5865.0  81.579
5870.0  81.228
5875.0  80.692
5880.0  78.566
5885.0  76.169
5890.0  76.351
5895.0  78.357
5900.0  79.406
5905.0  79.312
5910.0  79.007
5915.0  78.950
5920.0  78.785
5925.0  78.663
5930.0  78.635
5935.0  78.257
5940.0  77.885
5945.0  77.573
5950.0  77.396
5955.0  77.464
5960.0  77.485
5965.0  77.254
5970.0  76.781
5975.0  76.400
5980.0  76.370
5985.0  76.269
5990.0  76.286
5995.0  76.144
6000.0  75.755
6005.0  75.572
6010.0  75.404
6015.0  75.099
6020.0  75.087
6025.0  75.314
6030.0  75.272
6035.0  74.885
6040.0  74.603
6045.0  74.447
6050.0  74.379
6055.0  74.296
6060.0  74.043
6065.0  74.022
6070.0  73.781
6075.0  73.490
6080.0  73.337
6085.0  73.300
6090.0  73.119
6095.0  72.695
6100.0  72.543
6105.0  72.615
6110.0  72.315
6115.0  71.888
6120.0  71.766
6125.0  71.702
6130.0  71.108
6135.0  70.560
6140.0  70.428
6145.0  70.263
6150.0  69.772
6155.0  69.593
6160.0  70.034
6165.0  70.085
6170.0  69.937
6175.0  70.008
6180.0  69.953
6185.0  69.636
6190.0  69.600
6195.0  69.470
6200.0  69.379
6205.0  69.206
6210.0  68.954
6215.0  68.789
6220.0  68.541
6225.0  68.176
6230.0  67.663
6235.0  67.184
6240.0  66.839
6245.0  66.897
6250.0  67.295
6255.0  67.430
6260.0  67.243
6265.0  66.794
6270.0  65.240
6275.0  64.173
6280.0  65.053
6285.0  65.418
6290.0  65.335
6295.0  65.257
6300.0  65.182
6305.0  65.147
6310.0  64.928
6315.0  65.054
6320.0  65.340
6325.0  65.183
6330.0  64.915
6335.0  64.535
6340.0  63.810
6345.0  64.073
6350.0  64.657
6355.0  64.592
6360.0  64.105
6365.0  63.431
6370.0  63.699
6375.0  63.995
6380.0  63.918
6385.0  63.782
6390.0  63.566
6395.0  63.315
6400.0  63.161
6405.0  62.926
6410.0  62.572
6415.0  62.635
6420.0  62.758
6425.0  62.355
6430.0  62.037
6435.0  61.963
6440.0  61.968
6445.0  61.355
6450.0  60.520
6455.0  60.649
6460.0  61.144
6465.0  61.124
6470.0  60.842
6475.0  60.513
6480.0  60.264
6485.0  59.629
6490.0  59.036
6495.0  59.529
6500.0  59.800
6505.0  59.178
6510.0  58.301
6515.0  57.958
6520.0  57.649
6525.0  56.864
6530.0  55.660
6535.0  54.010
6540.0  51.545
6545.0  47.970
6550.0  42.122
6555.0  35.694
6560.0  36.494
6565.0  43.211
6570.0  48.409
6575.0  51.422
6580.0  53.219
6585.0  54.360
6590.0  55.228
6595.0  55.865
6600.0  56.174
6605.0  56.318
6610.0  56.412
6615.0  56.522
6620.0  56.571
6625.0  56.496
6630.0  56.415
6635.0  56.430
6640.0  56.355
6645.0  56.300
6650.0  56.162
6655.0  56.012
6660.0  55.888
6665.0  55.807
6670.0  55.612
6675.0  55.425
6680.0  55.397
6685.0  55.302
6690.0  55.151
6695.0  54.996
6700.0  54.840
6705.0  54.624
6710.0  54.433
6715.0  54.230
6720.0  54.134
6725.0  53.991
6730.0  53.808
6735.0  53.619
6740.0  53.393
6745.0  53.199
6750.0  53.083
6755.0  53.048
6760.0  52.950
6765.0  52.799
6770.0  52.737
6775.0  52.593
6780.0  52.416
6785.0  52.303
6790.0  52.143
6795.0  51.839
6800.0  51.769
