#      lam        flam
#
  3505.000     63.010
  3510.000     61.327
  3515.000     62.303
  3520.000     62.428
  3525.000     61.746
  3530.000     63.171
  3535.000     64.418
  3540.000     63.702
  3545.000     61.680
  3550.000     59.545
  3555.000     58.494
  3560.000     56.766
  3565.000     53.894
  3570.000     52.510
  3575.000     51.927
  3580.000     50.731
  3585.000     52.175
  3590.000     57.722
  3595.000     61.910
  3600.000     60.446
  3605.000     56.728
  3610.000     55.444
  3615.000     57.339
  3620.000     60.434
  3625.000     61.706
  3630.000     61.334
  3635.000     61.383
  3640.000     60.558
  3645.000     60.346
  3650.000     62.630
  3655.000     64.309
  3660.000     63.726
  3665.000     63.122
  3670.000     63.428
  3675.000     63.024
  3680.000     61.697
  3685.000     62.106
  3690.000     64.193
  3695.000     63.314
  3700.000     59.601
  3705.000     59.607
  3710.000     63.507
  3715.000     72.045
  3720.000     89.159
  3725.000     93.491
  3730.000     73.422
  3735.000     58.093
  3740.000     54.984
  3745.000     55.719
  3750.000     60.407
  3755.000     64.189
  3760.000     64.097
  3765.000     63.748
  3770.000     66.710
  3775.000     71.911
  3780.000     73.223
  3785.000     68.011
  3790.000     61.503
  3795.000     60.637
  3800.000     66.485
  3805.000     71.706
  3810.000     69.707
  3815.000     63.466
  3820.000     58.554
  3825.000     53.902
  3830.000     50.276
  3835.000     53.734
  3840.000     62.795
  3845.000     68.203
  3850.000     68.208
  3855.000     68.445
  3860.000     70.753
  3865.000     71.734
  3870.000     69.497
  3875.000     65.950
  3880.000     63.138
  3885.000     62.974
  3890.000     65.204
  3895.000     68.081
  3900.000     71.084
  3905.000     73.689
  3910.000     74.341
  3915.000     72.734
  3920.000     67.557
  3925.000     58.370
  3930.000     53.311
  3935.000     57.864
  3940.000     65.260
  3945.000     69.870
  3950.000     71.083
  3955.000     65.456
  3960.000     54.698
  3965.000     50.033
  3970.000     57.159
  3975.000     69.207
  3980.000     78.156
  3985.000     82.899
  3990.000     85.152
  3995.000     86.075
  4000.000     86.430
  4005.000     87.812
  4010.000     90.227
  4015.000     91.781
  4020.000     91.501
  4025.000     89.180
  4030.000     87.913
  4035.000     87.976
  4040.000     87.198
  4045.000     87.262
  4050.000     87.211
  4055.000     85.619
  4060.000     84.979
  4065.000     85.863
  4070.000     86.063
  4075.000     86.657
  4080.000     88.228
  4085.000     87.834
  4090.000     84.115
  4095.000     80.916
  4100.000     80.934
  4105.000     83.269
  4110.000     85.775
  4115.000     87.206
  4120.000     87.853
  4125.000     88.055
  4130.000     89.017
  4135.000     90.125
  4140.000     90.085
  4145.000     89.210
  4150.000     88.409
  4155.000     89.381
  4160.000     90.152
  4165.000     87.947
  4170.000     85.410
  4175.000     84.967
  4180.000     85.812
  4185.000     86.882
  4190.000     86.363
  4195.000     85.097
  4200.000     86.664
  4205.000     89.685
  4210.000     90.427
  4215.000     88.568
  4220.000     85.107
  4225.000     84.364
  4230.000     86.758
  4235.000     89.377
  4240.000     90.120
  4245.000     88.372
  4250.000     86.901
  4255.000     87.557
  4260.000     88.192
  4265.000     86.086
  4270.000     85.016
  4275.000     85.922
  4280.000     84.954
  4285.000     82.493
  4290.000     79.642
  4295.000     75.003
  4300.000     71.437
  4305.000     74.627
  4310.000     83.501
  4315.000     87.819
  4320.000     86.118
  4325.000     86.713
  4330.000     89.947
  4335.000     91.137
  4340.000     88.177
  4345.000     86.183
  4350.000     88.004
  4355.000     91.521
  4360.000     92.896
  4365.000     91.919
  4370.000     89.750
  4375.000     86.171
  4380.000     82.489
  4385.000     83.680
  4390.000     87.727
  4395.000     88.872
  4400.000     88.014
  4405.000     89.187
  4410.000     91.036
  4415.000     92.225
  4420.000     92.451
  4425.000     91.424
  4430.000     90.134
  4435.000     91.003
  4440.000     93.350
  4445.000     94.702
  4450.000     92.548
  4455.000     89.640
  4460.000     90.001
  4465.000     93.055
  4470.000     95.540
  4475.000     95.402
  4480.000     94.937
  4485.000     95.006
  4490.000     95.336
  4495.000     98.083
  4500.000    101.501
  4505.000    100.965
  4510.000     98.272
  4515.000     97.004
  4520.000     93.919
  4525.000     90.077
  4530.000     90.960
  4535.000     93.889
  4540.000     94.003
  4545.000     93.294
  4550.000     93.939
  4555.000     95.712
  4560.000     96.876
  4565.000     97.388
  4570.000     97.814
  4575.000     96.183
  4580.000     89.802
  4585.000     89.802
  4590.000     94.567
  4595.000     97.371
  4600.000     97.684
  4605.000    100.077
  4610.000     99.215
  4615.000    100.373
  4620.000    100.883
  4625.000     99.176
  4630.000     97.090
  4635.000     95.153
  4640.000     91.799
  4645.000     90.288
  4650.000     91.497
  4655.000     91.302
  4660.000     91.934
  4665.000     91.454
  4670.000     92.148
  4675.000     94.025
  4680.000     93.556
  4685.000     96.924
  4690.000     98.511
  4695.000     98.471
  4700.000     96.470
  4705.000     98.300
  4710.000     97.330
  4715.000     96.064
  4720.000     96.907
  4725.000     99.136
  4730.000    100.874
  4735.000    101.650
  4740.000    100.548
  4745.000    100.323
  4750.000     99.855
  4755.000     98.763
  4760.000     94.345
  4765.000     94.495
  4770.000     99.049
  4775.000     99.916
  4780.000     97.532
  4785.000     94.197
  4790.000     89.255
  4795.000     94.432
  4800.000    103.908
  4805.000    104.853
  4810.000    100.716
  4815.000    101.392
  4820.000    101.476
  4825.000     95.100
  4830.000     93.135
  4835.000     95.058
  4840.000     96.898
  4845.000     92.291
  4850.000     88.692
  4855.000     93.493
  4860.000     95.817
  4865.000     90.244
  4870.000     88.640
  4875.000     90.398
  4880.000     91.754
  4885.000     90.183
  4890.000     96.346
  4895.000    105.995
  4900.000    104.502
  4905.000     99.412
  4910.000     97.515
  4915.000     93.122
  4920.000     93.296
  4925.000     98.691
  4930.000     95.314
  4935.000     92.388
  4940.000     97.195
  4945.000    100.228
  4950.000    100.069
  4955.000     97.583
  4960.000     97.276
  4965.000     99.245
  4970.000     96.963
  4975.000     92.679
  4980.000     89.485
  4985.000     90.581
  4990.000     93.006
  4995.000     96.006
  5000.000     95.527
  5005.000     92.711
  5010.000     90.462
  5015.000     88.016
  5020.000     89.087
  5025.000     90.900
  5030.000     88.495
  5035.000     87.105
  5040.000     91.329
  5045.000     92.040
  5050.000     92.720
  5055.000     94.362
  5060.000     92.948
  5065.000     91.434
  5070.000     90.487
  5075.000     90.233
  5080.000     90.033
  5085.000     90.593
  5090.000     90.484
  5095.000     93.038
  5100.000     94.727
  5105.000     92.077
  5110.000     91.266
  5115.000     90.801
  5120.000     87.182
  5125.000     88.852
  5130.000     92.020
  5135.000     89.266
  5140.000     88.114
  5145.000     88.645
  5150.000     87.828
  5155.000     88.929
  5160.000     83.199
  5165.000     75.834
  5170.000     78.059
  5175.000     77.620
  5180.000     79.462
  5185.000     86.793
  5190.000     94.016
  5195.000     92.242
  5200.000     86.302
  5205.000     88.515
  5210.000     93.293
  5215.000     94.064
  5220.000     90.669
  5225.000     91.102
  5230.000     96.360
  5235.000     97.172
  5240.000     94.157
  5245.000     92.777
  5250.000     94.088
  5255.000     94.542
  5260.000     86.530
  5265.000     82.320
  5270.000     87.869
  5275.000     96.697
  5280.000    101.257
  5285.000    100.338
  5290.000     98.866
  5295.000     95.932
  5300.000     98.228
  5305.000    100.789
  5310.000     99.462
  5315.000     99.342
  5320.000     96.535
  5325.000     95.506
  5330.000     96.593
  5335.000     96.751
  5340.000     96.742
  5345.000     99.416
  5350.000    102.667
  5355.000    103.059
  5360.000    100.465
  5365.000     97.853
  5370.000     99.581
  5375.000    100.135
  5380.000     99.571
  5385.000     98.452
  5390.000     96.409
  5395.000     94.583
  5400.000     93.681
  5405.000     95.364
  5410.000     96.995
  5415.000     98.567
  5420.000     98.787
  5425.000     97.897
  5430.000     98.904
  5435.000    102.632
  5440.000    100.000
  5445.000     96.731
  5450.000     97.931
  5455.000     98.246
  5460.000     99.246
  5465.000     99.634
  5470.000     96.843
  5475.000     94.209
  5480.000     98.619
  5485.000    100.598
  5490.000     98.757
  5495.000     98.260
  5500.000     98.441
  5505.000     97.538
  5510.000     96.545
  5515.000     99.474
  5520.000    100.243
  5525.000     99.427
  5530.000     98.742
  5535.000     98.830
  5540.000     98.975
  5545.000     99.106
  5550.000     99.240
  5555.000     99.373
  5560.000     99.506
  5565.000     99.641
  5570.000     99.714
  5575.000    100.356
  5580.000     98.173
  5585.000     95.848
  5590.000     95.883
  5595.000     97.787
  5600.000    100.119
  5605.000    100.613
  5610.000     98.798
  5615.000     97.604
  5620.000     98.408
  5625.000     98.416
  5630.000     98.648
  5635.000     97.975
  5640.000     98.170
  5645.000    100.290
  5650.000     99.880
  5655.000     98.339
  5660.000     98.503
  5665.000     97.409
  5670.000     99.514
  5675.000    101.739
  5680.000    101.133
  5685.000     99.875
  5690.000     98.889
  5695.000     98.279
  5700.000     96.219
  5705.000     96.810
  5710.000    100.789
  5715.000    104.182
  5720.000    103.778
  5725.000    101.779
  5730.000    101.169
  5735.000    104.000
  5740.000    103.688
  5745.000    101.385
  5750.000     99.360
  5755.000     98.922
  5760.000     99.357
  5765.000    102.890
  5770.000    102.894
  5775.000     99.299
  5780.000     98.994
  5785.000    100.907
  5790.000    102.893
  5795.000    103.288
  5800.000    102.346
  5805.000    103.055
  5810.000    104.529
  5815.000    106.256
  5820.000    107.556
  5825.000    106.194
  5830.000    106.232
  5835.000    106.119
  5840.000    104.303
  5845.000    100.994
  5850.000    100.124
  5855.000    103.670
  5860.000     99.774
  5865.000     95.919
  5870.000     96.472
  5875.000     98.594
  5880.000     95.041
  5885.000     87.766
  5890.000     87.897
  5895.000     94.534
  5900.000     99.414
  5905.000    100.260
  5910.000     99.143
  5915.000     98.604
  5920.000     99.721
  5925.000    101.001
  5930.000    101.202
  5935.000    101.565
  5940.000    100.779
  5945.000     98.687
  5950.000     98.939
  5955.000    100.094
  5960.000    100.914
  5965.000    101.014
  5970.000    100.730
  5975.000     98.330
  5980.000     96.664
  5985.000     99.809
  5990.000    102.022
  5995.000    100.611
  6000.000     98.803
  6005.000     98.166
  6010.000     98.137
  6015.000     99.703
  6020.000    101.236
  6025.000    101.774
  6030.000    102.415
  6035.000    104.058
  6040.000    104.212
  6045.000    102.136
  6050.000    101.240
  6055.000    101.677
  6060.000    103.705
  6065.000    104.613
  6070.000    103.170
  6075.000    100.290
  6080.000     99.458
  6085.000    100.479
  6090.000    101.379
  6095.000     99.792
  6100.000     99.823
  6105.000    101.296
  6110.000    100.738
  6115.000     99.583
  6120.000     99.703
  6125.000     99.188
  6130.000     96.988
  6135.000     98.190
  6140.000    100.187
  6145.000     98.575
  6150.000     96.419
  6155.000     93.168
  6160.000     91.377
  6165.000     92.327
  6170.000     94.619
  6175.000     97.237
  6180.000     96.738
  6185.000     94.780
  6190.000     94.922
  6195.000     96.953
  6200.000     98.444
  6205.000     96.771
  6210.000     94.091
  6215.000     92.708
  6220.000     92.196
  6225.000     91.918
  6230.000     90.860
  6235.000     89.884
  6240.000     89.210
  6245.000     88.755
  6250.000     88.438
  6255.000     91.284
  6260.000     98.395
  6265.000     90.551
  6270.000     87.877
  6275.000     90.990
  6280.000     92.378
  6285.000     95.933
  6290.000     96.295
  6295.000     96.900
  6300.000     97.150
  6305.000     95.404
  6310.000     92.379
  6315.000     94.423
  6320.000     99.576
  6325.000     99.190
  6330.000     94.733
  6335.000     94.465
  6340.000     95.503
  6345.000     95.845
  6350.000     96.146
  6355.000     95.514
  6360.000     94.990
  6365.000     97.780
  6370.000     99.100
  6375.000     98.334
  6380.000     97.889
  6385.000     97.068
  6390.000     96.559
  6395.000     96.338
  6400.000     95.660
  6405.000     95.518
  6410.000     96.807
  6415.000     97.162
  6420.000     96.669
  6425.000     95.792
  6430.000     96.544
  6435.000     97.032
  6440.000     95.660
  6445.000     94.433
  6450.000     94.780
  6455.000     96.864
  6460.000     97.183
  6465.000     96.885
  6470.000     97.862
  6475.000     97.426
  6480.000     96.528
  6485.000     94.408
  6490.000     92.120
  6495.000     91.867
  6500.000     95.879
  6505.000     97.555
  6510.000     97.453
  6515.000     97.375
  6520.000     96.502
  6525.000     97.587
  6530.000     99.557
  6535.000    100.445
  6540.000    103.815
  6545.000    105.736
  6550.000    111.808
  6555.000    128.204
  6560.000    128.215
  6565.000    106.872
  6570.000    100.909
  6575.000    115.619
  6580.000    121.336
  6585.000    106.531
  6590.000     96.613
  6595.000     95.115
  6600.000     95.835
  6605.000     95.433
  6610.000     95.617
  6615.000     96.165
  6620.000     96.916
  6625.000     96.683
  6630.000     95.145
  6635.000     94.499
  6640.000     94.223
  6645.000     94.757
  6650.000     94.932
  6655.000     93.584
  6660.000     92.805
  6665.000     93.481
  6670.000     94.335
  6675.000     93.444
  6680.000     92.140
  6685.000     93.046
  6690.000     92.306
  6695.000     92.532
  6700.000     94.632
